0.04810747		1.5707963267949	0
0.04810747		1.5707963267949	3.14159265358979
0.04810747		1.5707963267949	1.5707963267949
0.04810747		0	0
0.04810747		1.5707963267949	4.71238898038469
0.04810747		3.14159265358979	0
0.12183092		1.5707963267949	1.0719998118321
0.12183092		1.5707963267949	2.0695928417577
0.12183092		1.5707963267949	0.498796514962798
0.12183092		1.5707963267949	2.64279613862699
0.12183092		0.498796514962799	0
0.12183092		0.498796514962799	3.14159265358979
0.12183092		1.0719998118321	0
0.12183092		1.0719998118321	3.14159265358979
0.12183092		1.5707963267949	5.21118549534749
0.12183092		1.5707963267949	4.21359246542189
0.12183092		1.5707963267949	5.78438879221679
0.12183092		1.5707963267949	3.64038916855259
0.12183092		2.64279613862699	0
0.12183092		2.64279613862699	3.14159265358979
0.12183092		2.0695928417577	0
0.12183092		2.0695928417577	3.14159265358979
0.12183092		0.498796514962799	1.5707963267949
0.12183092		1.0719998118321	1.5707963267949
0.12307174		0.955316618124509	0.785398163397448
0.12307174		0.955316618124509	2.35619449019234
0.10319173		0.264879587561065	0.785398163397448
0.10319173		0.264879587561065	2.35619449019234
0.10319173		1.38460678592762	1.38129281749569
0.10319173		1.38460678592762	1.7602998360941
0.10319173		1.38460678592762	0.189503509299202
0.10319173		1.38460678592762	2.95208914429059
0.1249451		1.35312416538097	0.785398163397448
0.1249451		1.35312416538097	2.35619449019234
0.1249451		0.808725403148136	0.303149709326317
0.1249451		0.808725403148136	2.83844294426348
0.1249451		0.808725403148136	1.26764661746858
0.1249451		0.808725403148136	1.87394603612121
0.12058025		0.593890328450096	0.785398163397448
0.12058025		0.593890328450096	2.35619449019234
0.12058025		1.16397783795099	1.12535752857023
0.12058025		1.16397783795099	2.01623512501956
0.12058025		1.16397783795099	0.445438798224666
0.12058025		1.16397783795099	2.69615385536513
0.12183092		0.498796514962799	4.71238898038469
0.12183092		1.0719998118321	4.71238898038469
0.12307174		0.955316618124509	5.49778714378214
0.12307174		0.955316618124509	3.92699081698724
0.10319173		0.264879587561065	5.49778714378214
0.10319173		0.264879587561065	3.92699081698724
0.10319173		1.38460678592762	4.90189248968389
0.10319173		1.38460678592762	4.52288547108549
0.10319173		1.38460678592762	6.09368179788038
0.10319173		1.38460678592762	3.331096162889
0.1249451		1.35312416538097	5.49778714378214
0.1249451		1.35312416538097	3.92699081698724
0.1249451		0.808725403148136	5.98003559785327
0.1249451		0.808725403148136	3.44474236291611
0.1249451		0.808725403148136	5.01553868971101
0.1249451		0.808725403148136	4.40923927105837
0.12058025		0.593890328450096	5.49778714378214
0.12058025		0.593890328450096	3.92699081698724
0.12058025		1.16397783795099	5.15782777860936
0.12058025		1.16397783795099	4.26695018216002
0.12058025		1.16397783795099	5.83774650895492
0.12058025		1.16397783795099	3.58703145181446
0.12183092		2.64279613862699	1.5707963267949
0.12183092		2.0695928417577	1.5707963267949
0.12307174		2.18627603546528	0.785398163397448
0.12307174		2.18627603546528	2.35619449019234
0.10319173		2.87671306602873	0.785398163397448
0.10319173		2.87671306602873	2.35619449019234
0.10319173		1.75698586766218	1.38129281749569
0.10319173		1.75698586766218	1.7602998360941
0.10319173		1.75698586766218	0.189503509299202
0.10319173		1.75698586766218	2.95208914429059
0.1249451		1.78846848820882	0.785398163397448
0.1249451		1.78846848820882	2.35619449019234
0.1249451		2.33286725044166	0.303149709326317
0.1249451		2.33286725044166	2.83844294426348
0.1249451		2.33286725044166	1.26764661746858
0.1249451		2.33286725044166	1.87394603612121
0.12058025		2.5477023251397	0.785398163397448
0.12058025		2.5477023251397	2.35619449019234
0.12058025		1.97761481563881	1.12535752857023
0.12058025		1.97761481563881	2.01623512501956
0.12058025		1.97761481563881	0.445438798224666
0.12058025		1.97761481563881	2.69615385536513
0.12183092		2.64279613862699	4.71238898038469
0.12183092		2.0695928417577	4.71238898038469
0.12307174		2.18627603546528	5.49778714378214
0.12307174		2.18627603546528	3.92699081698724
0.10319173		2.87671306602873	5.49778714378214
0.10319173		2.87671306602873	3.92699081698724
0.10319173		1.75698586766218	4.90189248968389
0.10319173		1.75698586766218	4.52288547108549
0.10319173		1.75698586766218	6.09368179788038
0.10319173		1.75698586766218	3.331096162889
0.1249451		1.78846848820882	5.49778714378214
0.1249451		1.78846848820882	3.92699081698724
0.1249451		2.33286725044166	5.98003559785327
0.1249451		2.33286725044166	3.44474236291611
0.1249451		2.33286725044166	5.01553868971101
0.1249451		2.33286725044166	4.40923927105837
0.12058025		2.5477023251397	5.49778714378214
0.12058025		2.5477023251397	3.92699081698724
0.12058025		1.97761481563881	5.15782777860936
0.12058025		1.97761481563881	4.26695018216002
0.12058025		1.97761481563881	5.83774650895492
0.12058025		1.97761481563881	3.58703145181446

